  1     1                2 9.420e-07 
  2     2                3 1.173e-06 
  3     3                5 8.220e-07 
  4     3                5 6.110e-07 
  5     4                7 7.120e-07 
  6     4                8 7.810e-07 
  7     5               10 5.910e-07 
  8     5               12 6.720e-07 
  9     5               10 6.510e-07 
 10     6               13 7.610e-07 
 11     6               15 1.673e-06 
 12     6               13 1.042e-06 
 13     7               17 9.210e-07 
 14     7               20 9.420e-07 
 15     7               20 8.710e-07 
 16     7               16 7.520e-07 
 17     8               20 7.920e-07 
 18     8               23 7.720e-07 
 19     8               24 9.220e-07 
 20     8               20 8.920e-07 
 21     9               24 2.665e-06 
 22     9               28 1.343e-06 
 23     9               29 1.383e-06 
 24     9               26 1.042e-06 
 25     9               19 7.610e-07 
 26    10               22 9.620e-07 
 27    10               24 9.820e-07 
 28    10               23 1.242e-06 
 29    10               20 1.052e-06 
 30    11               22 1.012e-06 
 31    11               24 9.920e-07 
 32    11               22 8.620e-07 
 33    12               25 9.020e-07 
 34    12               27 8.720e-07 
 35    12               25 8.110e-07 
 36    13               28 9.910e-07 
 37    13               30 9.720e-07 
 38    13               29 9.710e-07 
 39    13               26 8.910e-07 
 40    14               29 8.910e-07 
 41    14               31 9.010e-07 
 42    14               29 7.910e-07 
 43    15               33 9.410e-07 
 44    15               36 1.002e-06 
 45    15               35 1.072e-06 
 46    15               31 1.062e-06 
 47    16               34 1.032e-06 
 48    16               35 9.510e-07 
 49    16               34 1.142e-06 
 50    16               31 9.020e-07 
 55    18               35 2.444e-06 
 60    21               41 1.803e-06 
 65    23               48 1.532e-06 
 70    25               53 1.493e-06 
 75    26               59 1.462e-06 
 80    27               68 1.693e-06 
 85    28               72 1.753e-06 
 90    29               71 2.064e-06 
 95    30               60 1.964e-06 
100    33               66 1.653e-06 
110    38               77 4.088e-06 
120    41               87 2.845e-06 
130    43              100 2.485e-06 
140    45               99 2.324e-06 
150    47              103 2.325e-06 
160    51              107 2.645e-06 
170    56              117 2.445e-06 
180    59              130 5.641e-06 
190    61              134 2.945e-06 
200    63              146 3.196e-06 
220    70              145 5.781e-06 
240    77              168 4.458e-06 
260    81              176 3.867e-06 
280    88              185 3.687e-06 
300    95              201 4.158e-06 
320   100              214 7.143e-06 
340   109              233 3.771e-06 
360   114              249 4.538e-06 
380   119              262 4.909e-06 
400   127              274 5.199e-06 
420   133              296 7.263e-06 
440   138              301 5.079e-06 
460   146              318 3.626e-06 
480   151              332 6.332e-06 
500   157              338 3.276e-06 
520   166              360 3.416e-06 
540   170              392 3.977e-06 
560   177              381 3.596e-06 
580   184              403 3.707e-06 
600   188              421 3.787e-06 
620   195              419 3.868e-06 
640   203              440 6.021e-06 
660   207              447 4.358e-06 
680   214              458 4.238e-06 
700   223              480 4.328e-06 
720   228              490 4.468e-06 
740   237              512 4.498e-06 
760   242              526 4.609e-06 
780   245              528 4.789e-06 
800   255              548 6.271e-06 
