  1     1                2 9.010e-07 
  2     2                3 7.110e-07 
  3     3                5 5.810e-07 
  4     3                5 5.010e-07 
  5     4                7 6.120e-07 
  6     4                8 5.210e-07 
  7     5               10 4.910e-07 
  8     5               12 5.510e-07 
  9     5               10 5.310e-07 
 10     6               13 5.110e-07 
 11     6               15 1.593e-06 
 12     6               13 7.120e-07 
 13     7               17 5.910e-07 
 14     7               20 5.510e-07 
 15     7               20 5.310e-07 
 16     7               16 4.610e-07 
 17     8               20 5.110e-07 
 18     8               23 5.110e-07 
 19     8               24 5.310e-07 
 20     8               21 5.210e-07 
 21     9               25 1.824e-06 
 22     9               29 1.002e-06 
 23     9               30 1.051e-06 
 24     9               28 6.410e-07 
 25     9               21 5.310e-07 
 26    10               25 6.610e-07 
 27    10               29 6.210e-07 
 28    10               29 9.010e-07 
 29    10               26 7.610e-07 
 30    10               21 5.210e-07 
 31    11               25 6.210e-07 
 32    11               28 6.410e-07 
 33    11               27 5.410e-07 
 34    11               23 4.800e-07 
 35    12               27 5.510e-07 
 36    12               30 5.410e-07 
 37    12               29 5.810e-07 
 38    12               25 4.910e-07 
 39    13               29 5.210e-07 
 40    13               32 5.310e-07 
 41    13               31 5.710e-07 
 42    13               27 5.010e-07 
 43    14               30 5.610e-07 
 44    14               32 6.010e-07 
 45    14               31 6.210e-07 
 46    14               28 5.410e-07 
 47    15               31 5.710e-07 
 48    15               33 5.310e-07 
 49    15               31 5.410e-07 
 50    16               34 6.110e-07 
 55    17               33 1.973e-06 
 60    20               39 1.413e-06 
 65    22               46 1.323e-06 
 70    24               51 9.920e-07 
 75    25               57 8.710e-07 
 80    26               66 1.031e-06 
 85    27               69 9.410e-07 
 90    28               61 1.183e-06 
 95    30               62 1.252e-06 
100    33               68 9.310e-07 
110    37               79 2.776e-06 
120    40               90 2.345e-06 
130    42              100 1.854e-06 
140    44              105 1.503e-06 
150    46              111 1.543e-06 
160    49              101 1.353e-06 
170    54              114 1.303e-06 
180    57              124 1.323e-06 
190    59              128 1.473e-06 
200    61              140 1.703e-06 
220    68              139 4.809e-06 
240    76              163 3.627e-06 
260    80              172 2.234e-06 
280    86              178 2.073e-06 
300    93              198 5.139e-06 
320    97              201 2.224e-06 
340   107              223 2.375e-06 
360   111              231 2.344e-06 
380   116              252 2.766e-06 
400   125              268 2.945e-06 
420   130              282 9.026e-06 
440   136              291 8.075e-06 
460   144              307 9.407e-06 
480   150              329 5.751e-06 
500   156              331 5.730e-06 
520   164              349 5.189e-06 
540   169              379 6.733e-06 
560   175              370 6.502e-06 
580   182              390 7.053e-06 
600   186              399 6.632e-06 
620   193              406 9.628e-06 
640   200              429 7.604e-06 
660   205              433 7.353e-06 
680   212              446 7.384e-06 
700   220              467 8.005e-06 
720   224              476 7.765e-06 
740   234              498 8.366e-06 
760   238              511 8.235e-06 
780   242              521 9.227e-06 
800   252              538 1.206e-05 
