  1     1                2 9.720e-07 
  2     2                3 8.720e-07 
  3     3                5 8.220e-07 
  4     3                7 6.710e-07 
  5     4               12 7.810e-07 
  6     4               16 7.410e-07 
  7     5               29 9.020e-07 
  8     5               36 9.320e-07 
  9     5               42 9.920e-07 
 10     6               85 1.423e-06 
 11     6              100 2.605e-06 
 12     6              112 1.413e-06 
 13     7              239 2.265e-06 
 14     7              271 2.305e-06 
 15     7              299 2.524e-06 
 16     7              324 2.685e-06 
 17     8              731 5.060e-06 
 18     8              800 5.911e-06 
 19     8              861 6.563e-06 
 20     8              916 6.522e-06 
 21     9             2130 2.605e-05 
 22     9             2265 1.807e-05 
 23     9             2382 1.767e-05 
 24     9             2481 3.731e-05 
 25     9             2554 1.898e-05 
 26    10             6225 4.631e-05 
 27    10             6463 5.067e-05 
 28    10             6650 5.094e-05 
 29    10             6791 4.794e-05 
 30    10             6893 4.866e-05 
 31    11            17377 1.197e-04 
 32    11            17731 1.348e-04 
 33    11            17986 1.245e-04 
 34    11            18167 1.259e-04 
 35    12            46370 3.196e-04 
 36    12            47016 3.260e-04 
 37    12            47470 3.303e-04 
 38    12            47777 3.332e-04 
 39    13           122995 8.566e-04 
 40    13           124149 8.689e-04 
 41    13           124937 8.871e-04 
 42    13           125163 8.853e-04 
 43    14           321698 2.285e-03 
 44    14           322725 2.373e-03 
 45    14           323074 2.325e-03 
 46    14           323250 2.317e-03 
 47    15           823191 5.871e-03 
 48    15           824500 5.872e-03 
 49    15           824740 5.889e-03 
 50    16          2076857 1.562e-02 
 55    17          5159174 3.806e-02 
 60    20         71614752 5.193e-01 
 65    22        376261186 2.666e+00 
 70    24       1826992680 1.265e+01 
 75    25       3923460369 2.447e+01 
 80    26       8325984155 5.062e+01 
 85    27      17579884917 1.024e+02 
 90    28      37279454391 2.209e+02 
 95    30     177521396950 1.009e+03 
