  1     1                2 1.954e-06 
  2     2                3 1.493e-06 
  3     3                5 1.483e-06 
  4     3                8 1.493e-06 
  5     4               13 3.607e-06 
  6     4               22 2.164e-06 
  7     5               36 2.194e-06 
  8     5               60 2.956e-06 
  9     5              100 4.168e-06 
 10     6              167 6.002e-06 
 11     6              279 3.096e-06 
 12     6              465 3.045e-06 
 13     7              777 5.491e-06 
 14     7             1297 8.295e-06 
 15     7             2165 1.495e-05 
 16     7             3614 2.253e-05 
 17     8             6031 3.958e-05 
 18     8            10065 5.834e-05 
 19     8            16795 1.097e-04 
 20     8            28024 1.644e-04 
 21     9            46737 2.214e-04 
 22     9            77953 4.210e-04 
 23     9           130031 6.247e-04 
 24     9           216910 1.097e-03 
 25     9           361821 1.603e-03 
 26    10           603565 3.016e-03 
 27    10          1006844 4.388e-03 
 28    10          1679579 8.348e-03 
 29    10          2801816 1.218e-02 
 30    10          4673914 2.322e-02 
 31    11          7796915 3.562e-02 
 32    11         13006622 6.535e-02 
 33    11         21697334 9.751e-02 
 34    11         36195015 1.817e-01 
 35    12         60379710 2.777e-01 
 36    12        100724066 5.093e-01 
 37    12        168025633 7.764e-01 
 38    12        280296623 1.431e+00 
 39    13        467584570 2.163e+00 
 40    13        780014114 3.722e+00 
 41    13       1301202143 6.014e+00 
 42    13       2157576491 1.098e+01 
 43    14       3586161006 1.663e+01 
 44    14       5969293801 2.774e+01 
 45    14       9931722753 4.618e+01 
 46    14      16541758140 8.409e+01 
 47    15      27702339343 1.282e+02 
 48    15      46294051674 2.146e+02 
 49    15      76873337600 3.568e+02 
 50    16     127966647148 5.935e+02 
