  1    1                2 9.620e-07
  2    2                3 6.720e-07
  3    3                5 5.910e-07
  4    3                5 5.210e-07
  5    4                7 5.510e-07
  6    4                8 6.010e-07
  7    5               10 4.710e-07
  8    5               12 5.510e-07
  9    5               10 5.310e-07
 10    6               13 6.010e-07
 11    6               15 1.543e-06
 12    6               13 6.110e-07
 13    7               17 5.810e-07
 14    7               20 8.310e-07
 15    7               20 5.210e-07
 16    7               16 4.610e-07
 17    8               20 5.110e-07
 18    8               23 4.910e-07
 19    8               24 5.710e-07
 20    8               20 5.810e-07
 21    9               24 2.204e-06
 22    9               28 1.268e-05
 23    9               29 8.020e-07
 24    9               26 6.310e-07
 25    9               19 4.800e-07
 26   10               22 6.110e-07
 27   10               24 5.810e-07
 28   10               23 8.110e-07
 29   10               20 6.620e-07
 30   11               22 6.720e-07
 31   11               24 5.610e-07
 32   11               22 5.110e-07
 33   12               25 5.410e-07
 34   12               27 5.410e-07
 35   12               25 4.710e-07
 36   13               28 5.520e-07
 37   13               30 5.610e-07
 38   13               29 5.510e-07
 39   13               26 5.410e-07
 40   14               29 5.710e-07
 41   14               31 5.710e-07
 42   14               29 5.310e-07
 43   15               33 5.710e-07
 44   15               36 6.010e-07
 45   15               35 6.410e-07
 46   15               31 5.710e-07
 47   16               34 6.010e-07
 48   16               35 6.510e-07
 49   16               34 6.310e-07
 50   16               31 5.810e-07
 55   18               35 2.254e-06
 60   21               41 1.322e-06
 65   23               48 1.123e-06
 70   25               53 8.720e-07
 75   26               59 8.920e-07
 80   27               68 1.102e-06
 85   28               72 1.062e-06
 90   29               71 1.382e-06
 95   30               60 1.283e-06
100   33               66 1.012e-06
110   38               77 3.507e-06
120   41               87 2.134e-06
130   43              100 1.573e-06
140   45               99 1.362e-06
150   47              103 1.442e-06
160   51              107 1.563e-06
170   56              117 1.393e-06
180   59              130 1.473e-06
190   61              134 1.523e-06
200   63              146 1.743e-06
220   70              145 7.384e-06
240   77              168 3.316e-06
260   81              176 2.505e-06
280   88              185 2.204e-06
300   95              201 2.174e-06
320  100              214 2.725e-06
340  109              233 2.335e-06
360  114              249 2.495e-06
380  119              262 2.756e-06
400  127              274 3.907e-06
420  133              296 7.425e-06
440  138              301 5.330e-06
460  146              318 3.677e-06
480  151              332 3.487e-06
500  157              338 3.367e-06
520  166              360 3.457e-06
540  170              392 3.907e-06
560  177              381 1.137e-05
580  184              403 4.008e-06
600  188              421 3.867e-06
620  195              419 3.988e-06
640  203              440 3.988e-06
660  207              447 4.158e-06
680  214              458 4.238e-06
700  223              480 6.112e-06
720  228              490 4.479e-06
740  237              512 4.548e-06
760  242              526 4.689e-06
780  245              528 4.869e-06
800  255              548 4.980e-06
