  1    1                2 8.310e-07 
  2    2                3 5.910e-07 
  3    3                5 4.010e-07 
  4    3                8 4.810e-07 
  5    4               13 5.610e-07 
  6    4               22 6.420e-07 
  7    5               36 7.510e-07 
  8    5               60 8.620e-07 
  9    5              100 1.182e-06 
 10    6              167 1.613e-06 
 11    6              279 2.876e-06 
 12    6              465 2.665e-06 
 13    7              777 4.238e-06 
 14    7             1297 6.753e-06 
 15    7             2165 1.090e-05 
 16    7             3614 1.781e-05 
 17    8             6031 2.936e-05 
 18    8            10065 4.851e-05 
 19    8            16795 8.064e-05 
 20    8            28024 1.341e-04 
 21    9            46737 2.140e-04 
 22    9            77953 3.970e-04
 23    9           130031 6.205e-04 
 24    9           216910 1.047e-03 
 25    9           361821 1.679e-03 
 26   10           603565 2.754e-03 
 27   10          1006844 4.559e-03 
 28   10          1679579 7.884e-03 
 29   10          2801816 1.301e-02 
 30   10          4673914 2.151e-02 
 31   11          7796915 3.635e-02 
 32   11         13006622 6.069e-02 
 33   11         21697334 1.007e-01 
 34   11         36195015 1.684e-01 
 35   12         60379710 2.836e-01 
 36   12        100724066 4.715e-01 
 37   12        168025633 7.899e-01 
 38   12        280296623 1.318e+00 
 39   13        467584570 2.292e+00 
 40   13        780014114 3.670e+00 
 41   13       1301202143 6.133e+00 
 42   13       2157576491 1.024e+01 
 43   14       3586161006 1.713e+01 
 44   14       5969293801 2.837e+01 
 45   14       9931722753 4.753e+01 
 46   14      16541758140 8.119e+01 
 47   15      27702339343 1.319e+02 
 48   15      46294051674 2.204e+02
 49   15      76873337600 3.774e+02
 50   16     127966647148 6.121e+02