  1    1                2 1.753e-06 
  2    2                5 5.810e-07 
  3    3                8 5.820e-07 
  4    3                7 4.010e-07 
  5    4               10 4.210e-07 
  6    4               10 4.510e-07 
  7    5               13 4.210e-07 
  8    5               13 4.510e-07 
  9    5               12 4.610e-07 
 10    6               15 3.367e-06 
 11    6               15 1.162e-06 
 12    6               15 7.210e-07 
 13    7               18 7.620e-07 
 14    7               18 4.010e-07 
 15    7               18 3.710e-07 
 16    7               17 3.810e-07 
 17    8               20 3.910e-07 
 18    8               20 3.900e-07 
 19    8               20 4.010e-07 
 20    8               20 1.302e-06 
 21    9               23 1.272e-06 
 22    9               23 1.052e-06 
 23    9               23 6.720e-07 
 24    9               23 4.510e-07 
 25    9               22 5.710e-07 
 26   10               25 5.910e-07 
 27   10               25 4.610e-07 
 28   10               25 4.610e-07 
 29   10               25 5.010e-07 
 30   11               28 4.110e-07 
 31   11               28 4.210e-07 
 32   11               28 4.300e-07 
 33   12               31 4.310e-07 
 34   12               31 4.310e-07 
 35   12               31 4.010e-07 
 36   13               34 6.010e-07 
 37   13               34 4.910e-07 
 38   13               34 4.610e-07 
 39   13               33 4.600e-07 
 40   14               36 6.520e-07 
 41   14               36 5.010e-07 
 42   14               36 4.510e-07 
 43   15               39 4.810e-07 
 44   15               39 4.410e-07 
 45   15               39 4.510e-07 
 46   15               38 4.510e-07 
 47   16               41 4.510e-07 
 48   16               41 4.910e-07 
 49   16               41 4.710e-07 
 50   16               41 1.563e-06 
 55   18               46 1.954e-06 
 60   21               55 1.072e-06 
 65   23               61 1.042e-06 
 70   25               66 6.910e-07 
 75   26               68 6.020e-07 
 80   27               71 6.410e-07 
 85   28               73 6.510e-07 
 90   29               76 6.910e-07 
 95   30               78 6.310e-07 
100   33               87 2.175e-06 
110   38              102 1.963e-06 
120   41              109 1.894e-06 
130   43              114 1.303e-06 
140   45              119 1.212e-06 
150   47              125 1.283e-06 
160   51              137 2.084e-06 
170   56              152 2.054e-06 
180   59              160 1.302e-06 
190   61              164 1.522e-06 
200   63              170 2.856e-06 
220   70              190 1.102e-05 
240   77              209 2.454e-06 
260   81              219 2.474e-06 
280   88              239 2.324e-06 
300   95              258 1.663e-06 
320  100              272 1.372e-06 
340  109              298 2.235e-06 
360  114              311 1.653e-06 
380  119              325 2.795e-06 
400  127              349 3.767e-06 
420  133              364 4.599e-06 
440  138              379 3.637e-06 
460  146              402 3.546e-06 
480  151              414 2.234e-06 
500  157              431 3.317e-06 
520  166              457 2.265e-06 
540  170              467 2.304e-06 
560  177              487 3.547e-06 
580  184              506 2.395e-06 
600  188              517 3.907e-06 
620  195              537 2.465e-06 
640  203              559 3.967e-06 
660  207              570 2.625e-06 
680  214              591 4.328e-06 
700  223              617 2.705e-06 
720  228              630 3.967e-06 
740  237              656 2.745e-06 
760  242              669 4.428e-06 
780  245              677 2.935e-06 
800  255              707 7.444e-06 
