  1     2                3 1.152e-06 
  2     3                6 9.510e-07 
  3     4                9 5.210e-07 
  4     4                9 5.110e-07 
  5     5               12 5.610e-07 
  6     5               12 5.610e-07 
  7     6               15 5.910e-07 
  8     6               15 5.310e-07 
  9     6               15 6.310e-07 
 10     7               18 7.210e-07 
 11     7               18 1.052e-06 
 12     7               18 4.710e-07 
 13     8               21 4.910e-07 
 14     8               21 1.322e-05 
 15     8               21 6.010e-07 
 16     8               21 4.510e-07 
 17     9               24 4.610e-07 
 18     9               24 4.510e-07 
 19     9               24 4.310e-07 
 20     9               24 4.110e-07 
 21    10               27 1.272e-06 
 22    10               27 6.110e-07 
 23    10               27 4.710e-07 
 24    10               27 7.110e-07 
 25    10               27 5.710e-07 
 26    11               30 5.710e-07 
 27    11               30 4.800e-07 
 28    11               30 4.610e-07 
 29    11               30 5.000e-07 
 30    11               30 6.910e-07 
 31    12               33 6.410e-07 
 32    12               33 5.310e-07 
 33    12               33 4.710e-07 
 34    12               33 4.200e-07 
 35    13               36 4.310e-07 
 36    13               36 4.310e-07 
 37    13               36 4.200e-07 
 38    13               36 4.310e-07 
 39    14               39 4.210e-07 
 40    14               39 4.110e-07 
 41    14               39 4.300e-07 
 42    14               39 4.610e-07 
 43    15               42 4.710e-07 
 44    15               42 4.600e-07 
 45    15               42 4.410e-07 
 46    15               42 5.110e-07 
 47    16               45 7.010e-07 
 48    16               45 5.310e-07 
 49    16               45 4.510e-07 
 50    17               48 4.800e-07 
 55    18               51 1.493e-06 
 60    21               60 9.510e-07 
 65    23               66 6.810e-07 
 70    24               69 1.223e-06 
 75    25               72 8.410e-07 
 80    26               75 6.210e-07 
 85    27               78 6.020e-07 
 90    28               81 7.010e-07 
 95    30               87 7.810e-07 
100    33               96 6.310e-07 
110    37              108 2.094e-06 
120    40              117 1.313e-06 
130    42              123 1.002e-06 
140    44              129 8.620e-07 
150    46              135 8.520e-07 
160    49              144 8.606e-06 
170    53              156 9.220e-07 
180    56              165 9.320e-07 
190    59              174 9.420e-07 
200    60              177 1.022e-06 
220    67              198 1.634e-05 
240    74              219 2.294e-06 
260    78              231 2.154e-06 
280    84              249 1.493e-06 
300    91              270 1.473e-06 
320    95              282 1.403e-06 
340   104              309 1.423e-06 
360   109              324 1.433e-06 
380   113              336 1.623e-06 
400   122              363 1.603e-06 
420   127              378 4.068e-06 
440   132              393 1.112e-05 
460   140              417 2.434e-06 
480   145              432 2.064e-06 
500   152              453 1.954e-06 
520   159              474 1.964e-06 
540   164              489 2.053e-06 
560   170              507 2.084e-06 
580   177              528 2.074e-06 
600   181              540 2.164e-06 
620   188              561 2.204e-06 
640   195              582 2.204e-06 
660   200              597 2.304e-06 
680   206              615 2.414e-06 
700   214              639 2.354e-06 
720   218              651 2.455e-06 
740   228              681 2.515e-06 
760   232              693 2.575e-06 
780   236              705 2.815e-06 
800   245              732 2.795e-06 
