  1     1                2 9.220e-07 
  2     2                3 7.420e-07 
  3     3                5 5.620e-07 
  4     3                8 6.220e-07 
  5     4                7 5.610e-07 
  6     4               11 6.920e-07 
  7     5               10 5.110e-07 
  8     5               15 6.120e-07 
  9     5               16 6.210e-07 
 10     6               13 5.620e-07 
 11     6               18 1.338e-06 
 12     6               19 7.310e-07 
 13     7               17 5.210e-07 
 14     7               23 6.110e-07 
 15     7               26 7.320e-07 
 16     7               26 6.010e-07 
 17     8               20 4.800e-07 
 18     8               26 5.710e-07 
 19     8               30 6.410e-07 
 20     8               31 6.310e-07 
 21     9               25 1.673e-06 
 22     9               32 1.102e-06 
 23     9               36 8.510e-07 
 24     9               38 7.820e-07 
 25     9               34 7.620e-07 
 26    10               25 5.710e-07 
 27    10               32 6.310e-07 
 28    10               35 7.710e-07 
 29    10               36 1.012e-06 
 30    10               32 7.510e-07 
 31    11               25 5.110e-07 
 32    11               31 6.610e-07 
 33    11               33 6.410e-07 
 34    11               33 6.220e-07 
 35    12               27 5.210e-07 
 36    12               33 6.010e-07 
 37    12               35 6.310e-07 
 38    12               35 6.210e-07 
 39    13               29 5.610e-07 
 40    13               35 6.210e-07 
 41    13               37 6.720e-07 
 42    13               36 6.610e-07 
 43    14               30 5.810e-07 
 44    14               35 6.420e-07 
 45    14               37 6.910e-07 
 46    14               35 6.810e-07 
 47    15               31 5.310e-07 
 48    15               36 6.610e-07 
 49    15               37 6.510e-07 
 50    16               34 6.010e-07 
 55    17               94 1.239e-05 
 60    20               61 1.312e-06 
 65    22               95 1.503e-06 
 70    24              157 2.094e-06 
 75    25              237 2.896e-06 
 80    26              273 3.226e-06 
 85    27              277 3.246e-06 
 90    28              260 3.878e-06 
 95    30              241 3.006e-06 
100    33              233 2.494e-06 
110    37              596 1.650e-05 
120    40              818 8.196e-06 
130    42             1213 1.206e-05 
140    44             1790 1.942e-05 
150    46             2789 2.513e-05 
160    49             2406 2.310e-05 
170    54             3613 3.213e-05 
180    57             6158 4.855e-05 
190    59             5275 4.291e-05 
200    61             6362 5.837e-05 
220    68            10441 8.882e-05 
240    76            32655 2.581e-04 
260    80            92779 8.326e-04 
280    86           102976 8.364e-04 
300    93           260031 1.960e-03 
320    97            57914 5.114e-04 
340   107           203957 1.559e-03 
360   111            82375 7.222e-04 
380   116           184725 1.666e-03 
400   125           160560 1.435e-03 
420   130           193064 1.579e-03 
440   136           526996 4.085e-03 
460   144           331737 2.680e-03 
480   150          1097497 8.525e-03 
500   156           446660 3.799e-03 
520   164           530576 4.562e-03 
540   169          1366586 1.167e-02 
560   175           633056 5.044e-03 
580   182           727556 6.205e-03 
600   186           771952 6.822e-03 
620   193          1007187 8.851e-03 
640   200           958888 7.853e-03 
660   205          1597368 1.390e-02 
680   212          4807965 3.776e-02 
700   220         20422180 1.547e-01 
720   224         12603263 1.040e-01 
740   234         51290842 3.994e-01 
760   238         23020137 1.864e-01 
780   242         31352082 2.755e-01 
800   252         94443488 7.542e-01 
