  1     1                2 3.066e-06 
  2     2                3 6.642e-06 
  3     3                5 1.953e-06 
  4     3                5 1.563e-06 
  5     4                7 2.253e-06 
  6     4                8 1.743e-06 
  7     5               10 1.292e-06 
  8     5               12 0.000e+00 
  9     5               10 4.038e-06 
 10     6               13 2.786e-06 
 11     6               15 1.583e-06 
 12     6               13 6.010e-07 
 13     7               17 6.010e-07 
 14     7               20 6.010e-07 
 15     7               20 5.210e-07 
 16     7               16 4.700e-07 
 17     8               20 5.110e-07 
 18     8               23 4.910e-07 
 19     8               24 5.510e-07 
 20     8               21 5.210e-07 
 21     9               25 1.744e-06 
 22     9               29 9.110e-07 
 23     9               30 9.820e-07 
 24     9               28 6.410e-07 
 25     9               21 5.110e-07 
 26    10               25 6.110e-07 
 27    10               29 6.010e-07 
 28    10               29 8.920e-07 
 29    10               26 8.420e-07 
 30    10               21 5.310e-07 
 31    11               25 6.310e-07 
 32    11               28 6.410e-07 
 33    11               27 5.710e-07 
 34    11               23 4.610e-07 
 35    12               27 5.410e-07 
 36    12               30 5.410e-07 
 37    12               29 5.610e-07 
 38    12               25 5.010e-07 
 39    13               29 5.110e-07 
 40    13               32 5.820e-07 
 41    13               31 5.510e-07 
 42    13               27 5.010e-07 
 43    14               30 5.610e-07 
 44    14               32 5.910e-07 
 45    14               31 6.010e-07 
 46    14               28 5.410e-07 
 47    15               31 5.610e-07 
 48    15               33 5.410e-07 
 49    15               31 5.410e-07 
 50    16               34 6.010e-07 
 55    17               33 1.914e-06 
 60    20               39 1.213e-06 
 65    22               46 1.102e-06 
 70    24               51 8.210e-07 
 75    25               57 8.810e-07 
 80    26               66 1.022e-06 
 85    27               69 9.220e-07 
 90    28               61 1.162e-06 
 95    30               62 1.252e-06 
100    33               68 9.920e-07 
110    37               79 2.776e-06 
120    40               90 2.084e-06 
130    42              100 1.653e-06 
140    44              105 1.303e-06 
150    46              111 1.423e-06 
160    49              101 1.373e-06 
170    54              114 1.613e-06 
180    57              124 1.302e-06 
190    59              128 1.423e-06 
200    61              140 1.633e-06 
220    68              139 5.019e-06 
240    76              163 2.786e-06 
260    80              172 2.194e-06 
280    86              178 2.094e-06 
300    93              198 2.134e-06 
320    97              201 2.254e-06 
340   107              223 5.401e-06 
360   111              231 2.344e-06 
380   116              252 2.856e-06 
400   125              268 2.886e-06 
420   130              282 6.783e-06 
440   136              291 5.370e-06 
460   144              307 3.677e-06 
480   150              329 3.367e-06 
500   156              331 5.400e-06 
520   164              349 3.356e-06 
540   169              379 3.878e-06 
560   175              370 3.748e-06 
580   182              390 3.617e-06 
600   186              399 3.667e-06 
620   193              406 3.787e-06 
640   200              429 3.948e-06 
660   205              433 3.987e-06 
680   212              446 5.721e-06 
700   220              467 4.388e-06 
720   224              476 4.398e-06 
740   234              498 4.408e-06 
760   238              511 4.458e-06 
780   242              521 4.849e-06 
800   252              538 5.110e-06 
