  1   1                2 4.010e-07
  2   2                5 4.710e-07
  3   3                6 3.010e-07
  4   3                5 3.210e-07
  5   4                6 2.810e-07
  6   4                6 3.300e-07
  7   5                9 3.000e-07
  8   5                9 2.810e-07
  9   5                8 3.410e-07
 10   6                9 9.920e-07
 11   6                9 6.810e-07
 12   6                9 3.510e-07
 13   7               12 4.710e-07
 14   7               12 3.010e-07
 15   7               12 3.210e-07
 16   7               11 3.710e-07
 17   8               12 3.210e-07
 18   8               12 2.800e-07
 19   8               12 2.910e-07
 20   8               12 1.513e-06
 21   9               15 1.062e-06
 22   9               15 5.310e-07
 23   9               15 3.300e-07
 24   9               15 3.210e-07
 25   9               14 4.110e-07
 26  10               15 3.210e-07
 27  10               15 3.010e-07
 28  10               15 2.900e-07
 29  10               15 3.000e-07
 30  11               18 3.900e-07
 31  11               18 3.910e-07
 32  11               18 3.210e-07
 33  12               21 3.610e-07
 34  12               21 4.010e-07
 35  12               21 3.200e-07
 36  13               24 4.310e-07
 37  13               18 3.200e-07
 38  13               18 3.410e-07
 39  13               11 3.600e-07
 40  14               12 3.100e-07
 41  14               12 3.010e-07
 42  14               12 2.810e-07
 43  15               15 3.000e-07
 44  15               15 3.110e-07
 45  15               15 3.110e-07
 46  15               14 3.510e-07
 47  16               17 2.800e-07
 48  16               17 3.500e-07
 49  16               12 2.910e-07
 50  16               12 1.823e-06
 55  18               17 8.910e-07
 60  21               23 4.910e-07
 65  23               21 4.710e-07
 70  25               14 4.110e-07
 75  26               14 3.400e-07
 80  27               15 3.600e-07
 85  28               17 3.500e-07
 90  29               18 3.410e-07
 95  30               20 3.600e-07
100  33               27 1.654e-06
110  38               42 1.092e-06
120  41               16 6.310e-07
130  43               17 3.810e-07
140  45               20 3.710e-07
150  47               24 4.810e-07
160  51               36 6.520e-07
170  56               36 4.610e-07
180  59               17 4.310e-07
190  61               16 3.700e-07
200  63               18 1.172e-06
220  70               38 1.343e-06
240  77               28 5.510e-07
260  81               22 5.010e-07
280  88               38 6.310e-07
300  95               33 5.110e-07
320 100               23 4.810e-07
340 109               44 5.510e-07
360 114               19 4.010e-07
380 119               29 4.500e-07
400 127               42 1.563e-06
420 133               24 9.320e-07
440 138               30 6.810e-07
460 146               35 5.410e-07
480 151               27 4.710e-07
500 157               29 5.710e-07
520 166               53 6.010e-07
540 170               22 4.800e-07
560 177               38 6.010e-07
580 184               52 4.910e-07
600 188               23 4.210e-07
620 195               38 6.010e-07
640 203               55 5.110e-07
660 207               23 4.210e-07
680 214               39 5.910e-07
700 223               38 5.010e-07
720 228               25 3.900e-07
740 237               47 5.010e-07
760 242               22 3.710e-07
780 245               26 4.710e-07
800 255               45 1.644e-06
