  1   1                2 1.262e-06
  2   2                5 1.543e-06
  3   3                6 1.173e-06
  4   3                5 7.810e-07
  5   4                6 5.510e-07
  6   4                6 5.710e-07
  7   5                9 1.353e-06
  8   5                9 8.010e-07
  9   5                8 7.210e-07
 10   6                9 8.010e-07
 11   6                9 1.913e-06
 12   6                9 4.010e-07
 13   7               12 3.400e-07
 14   7               12 3.910e-07
 15   7               12 3.300e-07
 16   7               11 3.910e-07
 17   8               12 3.600e-07
 18   8               12 3.110e-07
 19   8               12 3.210e-07
 20   8               12 3.500e-07
 21   9               15 1.793e-06
 22   9               15 3.800e-07
 23   9               15 3.400e-07
 24   9               15 3.510e-07
 25   9               14 4.010e-07
 26  10               15 3.310e-07
 27  10               15 4.110e-07
 28  10               15 5.410e-07
 29  10               15 6.410e-07
 30  10               15 5.210e-07
 31  11               18 3.610e-07
 32  11               18 3.400e-07
 33  11               18 3.410e-07
 34  11               18 3.400e-07
 35  12               21 3.810e-07
 36  12               21 4.600e-07
 37  12               18 3.710e-07
 38  12               18 3.400e-07
 39  13               21 3.810e-07
 40  13               21 3.310e-07
 41  13               21 4.000e-07
 42  13               15 3.510e-07
 43  14               18 3.610e-07
 44  14               15 3.300e-07
 45  14               15 3.400e-07
 46  14               15 3.310e-07
 47  15               18 3.700e-07
 48  15               15 3.210e-07
 49  15               15 3.110e-07
 50  16               18 4.000e-07
 55  17               20 1.893e-06
 60  20               21 6.010e-07
 65  22               27 4.710e-07
 70  24               14 4.100e-07
 75  25               14 5.110e-07
 80  26               15 3.910e-07
 85  27               17 3.600e-07
 90  28               18 5.310e-07
 95  30               24 5.210e-07
100  33               30 5.910e-07
110  37               20 1.363e-06
120  40               17 9.220e-07
130  42               17 6.410e-07
140  44               21 5.710e-07
150  46               24 4.510e-07
160  49               26 5.510e-07
170  54               39 5.810e-07
180  57               17 4.210e-07
190  59               16 1.473e-06
200  61               18 4.410e-07
220  68               38 2.615e-06
240  76               31 5.710e-07
260  80               22 4.410e-07
280  86               36 6.510e-07
300  93               31 4.810e-07
320  97               22 3.910e-07
340 107               47 7.610e-07
360 111               19 6.610e-07
380 116               29 5.310e-07
400 125               45 6.510e-07
420 130               21 1.643e-06
440 136               29 1.273e-06
460 144               39 6.010e-07
480 150               24 5.210e-07
500 156               32 6.410e-07
520 164               52 6.410e-07
540 169               23 5.210e-07
560 175               35 6.120e-07
580 182               49 5.310e-07
600 186               23 4.710e-07
620 193               38 6.610e-07
640 200               49 5.210e-07
660 205               26 4.710e-07
680 212               42 6.210e-07
700 220               37 4.110e-07
720 224               23 4.410e-07
740 234               47 5.610e-07
760 238               19 3.800e-07
780 242               26 4.910e-07
800 252               51 6.610e-07
