  1     1                2 8.710e-07 
  2     2                5 8.220e-07 
  3     3                8 4.310e-07 
  4     3                7 4.310e-07 
  5     4               10 4.900e-07 
  6     4               10 4.600e-07 
  7     5               13 4.700e-07 
  8     5               13 4.810e-07 
  9     5               12 4.710e-07 
 10     6               15 4.910e-07 
 11     6               15 1.243e-06 
 12     6               15 4.710e-07 
 13     7               18 4.710e-07 
 14     7               18 4.310e-07 
 15     7               18 3.810e-07 
 16     7               17 4.010e-07 
 17     8               20 4.210e-07 
 18     8               20 4.510e-07 
 19     8               20 4.000e-07 
 20     8               20 4.000e-07 
 21     9               23 1.613e-06 
 22     9               23 6.010e-07 
 23     9               23 5.200e-07 
 24     9               23 7.120e-07 
 25     9               22 5.810e-07 
 26    10               25 5.610e-07 
 27    10               25 4.910e-07 
 28    10               25 4.600e-07 
 29    10               25 4.610e-07 
 30    10               25 5.710e-07 
 31    11               28 5.610e-07 
 32    11               28 5.110e-07 
 33    11               28 4.610e-07 
 34    11               28 4.210e-07 
 35    12               31 4.400e-07 
 36    12               31 4.410e-07 
 37    12               31 4.210e-07 
 38    12               31 4.310e-07 
 39    13               34 4.210e-07 
 40    13               34 4.300e-07 
 41    13               34 4.310e-07 
 42    13               34 4.710e-07 
 43    14               37 4.510e-07 
 44    14               37 4.710e-07 
 45    14               37 4.810e-07 
 46    14               37 4.400e-07 
 47    15               40 4.510e-07 
 48    15               40 4.600e-07 
 49    15               40 4.710e-07 
 50    16               43 5.010e-07 
 55    17               45 1.644e-06 
 60    20               54 7.810e-07 
 65    22               60 8.520e-07 
 70    24               65 8.920e-07 
 75    25               67 6.510e-07 
 80    26               70 6.610e-07 
 85    27               72 6.310e-07 
 90    28               75 6.610e-07 
 95    30               81 6.510e-07 
100    33               90 6.310e-07 
110    37              101 1.934e-06 
120    40              109 1.423e-06 
130    42              114 8.910e-07 
140    44              120 8.110e-07 
150    46              126 8.310e-07 
160    49              134 9.120e-07 
170    54              149 8.620e-07 
180    57              157 8.520e-07 
190    59              161 9.220e-07 
200    61              167 1.002e-06 
220    68              187 3.326e-06 
240    76              209 2.144e-06 
260    80              219 1.412e-06 
280    86              237 1.272e-06 
300    93              256 1.232e-06 
320    97              266 1.312e-06 
340   107              295 1.393e-06 
360   111              305 1.393e-06 
380   116              319 1.573e-06 
400   125              346 1.593e-06 
420   130              358 3.987e-06 
440   136              375 3.166e-06 
460   144              399 2.164e-06 
480   150              414 1.904e-06 
500   156              431 1.904e-06 
520   164              453 1.984e-06 
540   169              467 2.094e-06 
560   175              484 2.134e-06 
580   182              503 2.114e-06 
600   186              514 2.184e-06 
620   193              534 2.184e-06 
640   200              553 2.284e-06 
660   205              567 2.375e-06 
680   212              588 2.445e-06 
700   220              610 2.445e-06 
720   224              621 2.515e-06 
740   234              650 2.665e-06 
760   238              660 2.675e-06 
780   242              671 2.805e-06 
800   252              701 2.815e-06 
