  1     1                2 8.620e-07 
  2     2                3 7.810e-07 
  3     3                5 5.510e-07 
  4     3                8 8.120e-07 
  5     4                7 5.410e-07 
  6     4               11 6.720e-07 
  7     5               10 5.110e-07 
  8     5               15 6.020e-07 
  9     5               16 5.910e-07 
 10     6               13 5.610e-07 
 11     6               18 1.363e-06 
 12     6               19 6.610e-07 
 13     7               17 5.220e-07 
 14     7               23 6.110e-07 
 15     7               26 6.210e-07 
 16     7               26 5.510e-07 
 17     8               20 4.810e-07 
 18     8               26 5.410e-07 
 19     8               30 5.910e-07 
 20     8               30 6.520e-07 
 21     9               24 1.382e-06 
 22     9               31 9.220e-07 
 23     9               35 7.820e-07 
 24     9               36 9.820e-07 
 25     9               31 8.610e-07 
 26    10               22 7.520e-07 
 27    10               27 7.010e-07 
 28    10               29 6.420e-07 
 29    10               27 5.910e-07 
 30    11               22 4.800e-07 
 31    11               27 5.610e-07 
 32    11               28 5.810e-07 
 33    12               25 5.110e-07 
 34    12               30 6.210e-07 
 35    12               31 6.010e-07 
 36    13               28 5.610e-07 
 37    13               33 6.110e-07 
 38    13               35 6.310e-07 
 39    13               34 6.610e-07 
 40    14               29 5.520e-07 
 41    14               34 6.310e-07 
 42    14               35 6.210e-07 
 43    15               33 5.910e-07 
 44    15               39 6.810e-07 
 45    15               41 7.020e-07 
 46    15               40 6.720e-07 
 47    16               34 5.910e-07 
 48    16               38 6.910e-07 
 49    16               39 7.310e-07 
 50    16               37 6.720e-07 
 55    18               62 2.255e-06 
 60    21               63 1.203e-06 
 65    23              130 1.733e-06 
 70    25              107 1.683e-06 
 75    26              173 2.154e-06 
 80    27              214 2.535e-06 
 85    28              174 2.224e-06 
 90    29              185 2.816e-06 
 95    30              205 2.915e-06 
100    33               88 1.312e-06 
110    38              355 5.020e-06 
120    41              659 1.448e-05 
130    43             1025 1.036e-05 
140    45             1630 1.514e-05 
150    47             3067 2.912e-05 
160    51             1919 1.829e-05 
170    56             2880 2.277e-05 
180    59             4063 3.599e-05 
190    61             2244 2.140e-05 
200    63             1244 1.151e-05 
220    70             6267 6.504e-05 
240    77             5125 4.364e-05 
260    81             5376 4.818e-05 
280    88             9857 7.631e-05 
300    95            16126 1.311e-04 
320   100            37260 3.087e-04 
340   109            31893 2.513e-04 
360   114            42740 3.933e-04 
380   119           252036 2.064e-03 
400   127            85042 6.812e-04 
420   133           302494 2.438e-03 
440   138           222718 1.734e-03 
460   146           880864 6.645e-03 
480   151          1379477 1.063e-02 
500   157          1592815 1.269e-02 
520   166          6714067 4.993e-02 
540   170          7854287 6.476e-02 
560   177         38512986 2.886e-01 
580   184        162288448 1.266e+00 
600   188        330988613 2.736e+00 
620   195       1430573380 9.886e+00 
