  1     1                2 9.220e-07 
  2     2                3 6.910e-07 
  3     3                5 5.310e-07 
  4     3                8 6.510e-07 
  5     4                7 5.810e-07 
  6     4               11 6.820e-07 
  7     5               10 5.620e-07 
  8     5               15 6.810e-07 
  9     5               16 6.010e-07 
 10     6               13 5.310e-07 
 11     6               18 1.323e-06 
 12     6               19 6.320e-07 
 13     7               17 5.210e-07 
 14     7               23 5.810e-07 
 15     7               26 5.910e-07 
 16     7               26 5.710e-07 
 17     8               20 4.510e-07 
 18     8               26 5.410e-07 
 19     8               30 6.210e-07 
 20     8               31 6.010e-07 
 21     9               25 1.724e-06 
 22     9               32 9.268e-06 
 23     9               36 1.253e-06 
 24     9               38 8.410e-07 
 25     9               34 9.320e-07 
 26    10               25 8.120e-07 
 27    10               32 9.820e-07 
 28    10               35 8.120e-07 
 29    10               36 1.313e-06 
 30    10               32 1.032e-06 
 31    11               25 7.610e-07 
 32    11               31 9.420e-07 
 33    11               33 9.010e-07 
 34    11               33 8.620e-07 
 35    12               27 7.310e-07 
 36    12               33 8.410e-07 
 37    12               35 9.410e-07 
 38    12               35 8.920e-07 
 39    13               29 8.310e-07 
 40    13               35 1.042e-06 
 41    13               37 1.082e-06 
 42    13               36 9.020e-07 
 43    14               30 9.120e-07 
 44    14               35 1.093e-06 
 45    14               37 1.112e-06 
 46    14               35 1.463e-06 
 47    15               31 8.220e-07 
 48    15               36 9.310e-07 
 49    15               37 9.220e-07 
 50    16               34 8.920e-07 
 55    17               94 3.537e-06 
 60    20               61 1.673e-06 
 65    22               95 1.503e-06 
 70    24              157 1.974e-06 
 75    25              237 4.299e-06 
 80    26              273 5.671e-06 
 85    27              277 5.160e-06 
 90    28              260 5.371e-06 
 95    30              241 4.188e-06 
100    33              233 2.355e-06 
110    37              596 1.961e-05 
120    40              818 8.356e-06 
130    42             1213 1.260e-05 
140    44             1790 2.869e-05 
150    46             2789 2.958e-05 
160    49             2406 3.154e-05 
170    54             3613 3.870e-05 
180    57             6158 5.555e-05 
190    59             5275 5.078e-05 
200    61             6362 6.002e-05 
220    68            10441 1.020e-04 
240    76            32655 2.546e-04 
260    80            92779 7.620e-04 
280    86           102976 7.789e-04 
300    93           260031 1.999e-03 
320    97            57914 4.774e-04 
340   107           203957 1.514e-03 
360   111            82375 6.661e-04 
380   116           184725 1.575e-03 
400   125           160560 1.279e-03 
420   130           193064 1.580e-03 
440   136           526996 4.251e-03 
460   144           331737 2.765e-03 
480   150          1097497 9.575e-03 
500   156           446660 3.963e-03 
520   164           530576 4.604e-03 
540   169          1366586 1.171e-02 
560   175           633056 5.411e-03 
580   182           727556 6.118e-03 
600   186           771952 6.798e-03 
620   193          1007187 8.691e-03 
640   200           958888 8.572e-03 
660   205          1597368 1.350e-02 
680   212          4807965 3.724e-02 
700   220         20422180 1.569e-01 
720   224         12603263 1.051e-01 
740   234         51290842 3.947e-01 
760   238         23020137 1.894e-01 
780   242         31352082 2.801e-01 
800   252         94443488 7.440e-01 
